5
7
1
4
1
10
0
556629
200
6
384
6.5
0
1
1
1
1
1
1
1
1
0
0
0
0
0
0
0
0
0
0
0
0
0
0
0
0
0
1
10
0
556630
500
10
100
0
0
0
0
0
0
0
0
0
1
0
0
0
0
0
0
0
0
0
0
0
0
0
1
1
1
1
1
10
0
556631
300
8
0
0
0
0
0
0
0
0
0
0
1
0
1
1
1
1
0
1
1
1
0
1
0
0
0
0
0
0
1
10
0
556632
100
3
0
0
0
1
1
1
1
0
0
0
1
0
0
0
0
0
0
0
0
0
0
0
0
0
0
0
0
0
2
1
12
0
1
1
33
4
100
0
0
0
100
0
0
1
12
0
2
2
39
2
100
0
0
0
100
0
0
3
1
12
0
1
1
86
5
100
0
0
0
100
0
0
1
12
0
2
2
207
6
5
1
57
1
1
57
100
0
0
1
12
0
3
2
0
0
100
0
0
0
100
0
0
2
1
12
0
1
1
8
2
55
1
18
1
1
18
100
0
0
1
12
0
2
2
108
5
40
1
36
1
1
36
100
0
0
1
1
12
0
1
2
75
5
100
0
0
0
100
0
0
1
1
12
0
1
2
105
3
100
0
0
0
100
0
0
1
1
12
0
1
2
12
1
100
0
0
0
100
0
0
1
1
12
0
1
2
0
0
100
0
0
0
100
0
0
3
1
12
0
1
2
141
5
10
1
54
1
1
54
80
12
1
1
12
1
12
0
2
2
69
3
90
1
6
1
1
6
44
33
1
1
33
1
12
0
3
2
27
1
60
1
24
1
1
24
100
0
0
2
1
12
0
1
1
0
0
100
0
0
0
100
0
0
1
12
0
2
2
0
0
100
0
0
0
100
0
0
1
1
12
0
1
2
0
0
100
0
0
0
100
0
0
1
1
12
0
1
2
33
2
100
0
0
0
100
0
0
1
1
12
0
1
2
36
3
100
0
0
0
100
0
0
1
1
12
0
1
2
0
0
100
0
0
0
100
0
0
0
0
1
1
12
0
1
2
0
0
100
0
0
0
100
0
0
1
1
12
0
1
2
0
0
100
0
0
0
100
0
0
1
1
12
0
1
2
0
0
100
0
0
0
100
0
0
3
1
12
0
1
1
16
2
100
0
0
0
100
0
0
1
12
0
2
1
0
0
100
0
0
0
100
0
0
1
12
0
3
1
0
0
100
0
0
0
100
0
0
1
1
12
0
1
2
0
0
100
0
0
0
100
0
0
1
1
12
0
1
2
0
0
100
0
0
0
100
0
0
1
1
12
0
1
2
45
2
1
1
627
13
1
9
2
8
1
60
2
50
1
60
2
50
1
60
2
50
1
60
2
50
1
60
2
50
1
60
100
0
0
1
1
12
0
1
2
54
2
100
0
0
0
100
0
0
1
1
12
0
1
1
40
2
100
0
0
0
100
0
0
1
1
12
0
1
2
24
2
100
0
0
0
100
0
0
54
1
12
0
2
8
0
3.3
1
7
12
4
3
0
1
13
0
-1
-1
-1
6.2
1
9
10
5
0
3
1
14
0
2
8
0
0.8
11
23
8
23
3
0
1
14
0
-1
-1
-1
3
22
3
34
2
0
2
1
15
0
2
8
0
2.2
2
4
14
15
3
0
1
15
0
-1
-1
-1
1
20
7
9
21
0
2
1
15
0
-1
-1
-1
1
12
1
40
2
0
2
1
17
0
2
8
0
2
10
3
8
7
3
0
2
7
0
3
8
0
4
3
7
8
3
3
0
2
7
0
-1
-1
-1
2
13
10
1
12
0
2
2
8
0
3
8
0
4.5
1
22
11
5
3
0
2
8
0
3
8
0
0.2
1
7
6
7
3
0
2
10
0
3
8
0
0.2
18
22
1
13
3
0
2
10
0
3
8
0
4
24
7
3
9
3
0
2
10
0
3
8
0
3
5
7
4
18
3
0
2
10
0
3
8
0
3.8
2
1
2
14
3
0
2
10
0
-1
-1
-1
1
2
17
15
6
0
4
2
14
0
3
8
0
4
2
0
3
11
3
0
2
15
0
3
8
0
1
0
23
5
3
3
0
2
16
0
-1
-1
-1
12
7
8
8
9
0
3
2
16
0
3
8
0
0.7
2
7
3
7
3
0
2
16
0
3
8
0
0.9
18
21
9
2
3
0
2
18
0
3
8
0
2
3
21
4
13
3
0
2
20
0
-1
-1
-1
2
4
21
5
16
0
1
3
7
0
-1
-1
-1
5
5
23
6
18
0
3
3
9
0
4
8
0
4.2
2
1
13
12
3
0
3
10
0
4
8
0
3
2
4
4
15
3
0
3
11
0
-1
-1
-1
3
2
7
28
7
0
2
3
11
0
4
8
0
3.2
1
7
12
4
3
0
3
11
0
4
8
0
2
24
1
5
14
3
0
3
13
0
-1
-1
-1
4
21
23
12
20
0
3
3
16
0
4
8
0
1.1
7
1
18
21
3
0
3
16
0
4
8
0
1.8
7
0
9
1
3
0
3
18
0
-1
-1
-1
2
10
20
6
2
0
4
3
19
0
4
8
0
0.7
0
11
3
2
3
0
4
10
0
5
8
0
1.3
1
7
12
18
2
0
4
10
0
-1
-1
-1
1
0
7
200
7
0
2
4
12
0
5
8
0
1
0
2
12
12
2
0
4
12
0
-1
-1
-1
2
13
17
4
20
0
2
4
12
0
5
8
0
2.2
4
7
5
2
2
0
4
14
0
5
8
0
4
3
7
2
8
2
0
4
15
0
5
8
0
2
3
21
4
3
2
0
4
16
0
5
8
0
1
10
21
3
20
2
0
4
16
0
5
10
0
3.1
11
21
2
20
2
0
4
16
0
5
12
0
1
1
21
4
20
2
0
4
16
0
5
14
0
4.2
0
21
2
20
2
0
4
16
0
5
16
0
2
1
21
8
20
2
0
4
16
0
-1
-1
-1
3
2
19
22
2
0
2
4
17
0
-1
-1
-1
7
0
0
1
18
0
3
4
17
0
5
17
0
1
2
21
2
20
2
0
4
17
0
-1
-1
-1
2
3
21
4
20
0
5
5
7
0
6
8
0
4
1
7
19
4
1
0
5
7
0
-1
-1
-1
2
7
24
25
1
0
2
5
7
0
6
8
0
2.5
2
7
12
11
1
0
